1305 1305 200 200 945 600
1182 1305 124 200 889 600
1059 1305 124 200 833 600
936  1305 124 200 777 600
813  1305 124 200 721 600
690  1305 124 200 665 600
567  1305 124 200 609 600
444  1305 124 200 553 600
321  1305 124 200 497 600
198  1305 124 200 441 600
0    1305 200 200 351 600
0    1182 200 124 351 544
0    1059 200 124 351 488
0    936  200 124 351 432
0    813  200 124 351 376
0    690  200 124 351 320
0    567  200 124 351 264
0    444  200 124 351 208
0    321  200 124 351 152
0    198  200 124 351 96
0    0    200 200 385 6 
198  0    124 200 441 6
321  0    124 200 497 6
444  0    124 200 553 6
567  0    124 200 609 6
690  0    124 200 665 6
813  0    124 200 721 6
936  0    124 200 777 6
1059 0    124 200 833 6
1182 0    124 200 889 6
1305 0    200 200 944 40
1305 198  200 124 944 96
1305 321  200 124 944 152
1305 444  200 124 944 208
1305 567  200 124 944 264
1305 690  200 124 944 320
1305 813  200 124 944 376
1305 936  200 124 944 432
1305 1059 200 124 944 488
1305 1182 200 124 944 544