1008 627 945 627 889 627 833 627 777 627 721 627 665 627 609 627 553 627 497 627
441 627 441 570 441 516 441 462 441 408 441 354 441 300 441 245 441 191 441 137
441 78 497 78 553 78 609 78 665 78 721 78 777 78 833 78 889 78 945 78
1013 78 1013 137 1013 191 1013 245 1013 300 1013 354 1013 408 1013 462 1013 516 1013 570
1008 641 945 641 889 641 833 641 777 641 721 641 665 641 609 641 553 641 497 641
427 627 427 570 427 516 427 462 427 408 427 354 427 300 427 245 427 191 427 137
441 64 497 64 553 64 609 64 665 64 721 64 777 64 833 64 889 64 945 64
1027 78 1027 137 1027 191 1027 245 1027 300 1027 354 1027 408 1027 462 1027 516 1027 570
1008 655 945 655 889 655 833 655 777 655 721 655 665 655 609 655 553 655 497 655
413 627 413 570 413 516 413 462 413 408 413 354 413 300 413 245 413 191 413 137
441 50 497 50 553 50 609 50 665 50 721 50 777 50 833 50 889 50 945 50
1041 78 1041 137 1041 191 1041 245 1041 300 1041 354 1041 408 1041 462 1041 516 1041 570
1008 669 945 669 889 669 833 669 777 669 721 669 665 669 609 669 553 669 497 669  
399 627 399 570 399 516 399 462 399 408 399 354 399 300 399 245 399 191 399 137  
441 36 497 36 553 36 609 36 665 36 721 36 777 36 833 36 889 36 945 36   
1055 78 1055 137 1055 191 1055 245 1055 300 1055 354 1055 408 1055 462 1055 516 1055 570 


